0 regular 3212 3428 0 2 215 218
2 regular 3196 3428 0 0 4
4 regular 3181 3429 0 2 6 740
6 regular 3166 3426 0 4 11 804
11 regular 3131 3417 0 6 14 804
14 regular 3109 3420 0 11 16
16 regular 3093 3420 0 14 19 265 751
19 regular 3071 3417 0 16 22 749
22 regular 3049 3413 0 19 25 267
25 regular 3031 3424 0 22 28
28 regular 3010 3429 0 25 31
31 regular 2988 3425 0 28 35 37
35 regular 2967 3405 0 31 38 36
36 regular 2948 3425 0 35 37
37 regular 2945 3450 0 36 39 347 31
38 regular 2965 3382 0 35 43 49
39 regular 2953 3477 0 37 40 779
40 regular 2956 3500 0 39
41 object 2936 3355 0 42 46 764
42 regular 2945 3371 0 38 41
43 regular 2965 3377 0 38 45
45 regular 2965 3361 0 43 48
46 regular 2942 3338 0 41 47
47 regular 2954 3318 0 46 50
48 regular 2974 3343 0 45
49 regular 2970 3379 0 38 52
50 regular 2978 3318 0 47 62
52 regular 2991 3372 0 49 56
56 regular 3012 3356 0 305 52
58 regular 3005 3350 0 56 62
62 regular 3007 3320 0 58 67 50 617 753
67 regular 3007 3280 0 62 71 617 620 633 635
71 regular 3035 3277 0 67 76 631 632
76 regular 3073 3279 0 71 79
79 regular 3092 3290 0 76 85
85 regular 3109 3287 0 79 89 745
89 regular 3104 3258 0 85 92
92 regular 3095 3243 0 89 172
93 regular 3136 3293 0 85 97 745
97 regular 3163 3288 0 93 102
102 regular 3199 3281 0 97 106
106 regular 3213 3263 0 102 108 194 150
108 regular 3216 3249 0 106 110
110 regular 3224 3237 0 108 111
111 regular 3201 3237 0 110 112 149 
112 regular 3199 3220 0 115 111 149
113 regular 3207 3228 0 115 
114 regular 3207 3209 0 115
115 regular 3219 3218 0 116 117 112 113 114
116 regular 3234 3226 0 110 115 119 117
117 regular 3235 3210 0 115 116 118
118 regular 3242 3195 0 117 121
119 regular 3255 3226 0 116 120 135
120 regular 3259 3232 0 119 122 135
121 regular 3240 3178 0 118 123 124
122 regular 3257 3247 0 120 194
123 regular 3238 3167 0 121 124
124 regular 3219 3175 0 121 123 160 159 165
135 object 3268 3227 0 138 169 136 120 119
136 regular 3303 3235 0 135
138 regular 3278 3211 0 135 142 139
139 regular 3295 3195 0 138 140
140 regular 3309 3176 0 139 141
141 regular 3308 3151 0 140 161 148
142 regular 3282 3181 0 138 143 147
143 regular 3280 3174 0 142 144
144 regular 3275 3169 0 143 145 157
145 regular 3270 3166 0 144
147 regular 3293 3176 0 142
148 regular 3320 3142 0 141
149 regular 3188 3232 0 112 111
150 regular 3183 3244 0 111 149 106
151 regular 3157 3239 0 150 152
152 regular 3147 3232 0 151 153
153 regular 3131 3223 0 152 154 166
154 regular 3150 3204 0 153 155 158 166
155 regular 3162 3187 0 154 156 158 163
156 regular 3184 3183 0 155 158 162
157 regular 3277 3164 0 144 161
158 regular 3181 3196 0 155 156 154
159 regular 3199 3188 0 156 158 124 165
160 regular 3201 3169 0 156 159 124 162
161 regular 3295 3143 0 157 164 141
162 regular 3183 3166 0 160 156
163 regular 3172 3175 0 162 155
164 regular 3304 3125 0 161
165 regular 3222 3185 0 159 124 121
166 regular 3126 3209 0 153 154
167 regular 3113 3194 0 166 168 172
168 regular 3112 3168 0 167
169 regular 3274 3262 0 135 171
171 regular 3279 3275 0 169 175
172 regular 3109 3229 0 153 166 92 167
175 regular 3298 3280 0 171 178
178 regular 3297 3302 0 175
182 regular 3277 3296 0 171 186
186 regular 3276 3326 0 182 187 188
187 regular 3270 3330 0 186 191 202
188 regular 3292 3335 0 186 189
189 regular 3300 3350 0 188 190
190 regular 3296 3372 0 189 192
191 regular 3247 3313 0 187 194
192 regular 3290 3403 0 190 193
193 regular 3283 3428 0 192 222 224
194 regular 3239 3293 0 191 122 106 755
202 regular 3249 3335 0 187 205
205 regular 3228 3340 0 202 209
209 regular 3217 3366 0 205 212 756
212 regular 3213 3388 0 209 215
215 regular 3212 3411 0 212 0
218 regular 3225 3428 0 0 221
221 regular 3248 3429 0 218 223 225
222 regular 3266 3428 0 221 193
223 regular 3254 3421 0 221
224 regular 3286 3452 0 193
225 regular 3246 3442 0 221 228
228 regular 3245 3466 0 225 231
231 regular 3245 3490 0 228 233
233 regular 3245 3506 0 231
249 regular 3132 3516 0 251 744
251 regular 3119 3511 0 249 253
253 regular 3106 3504 0 251 256
256 regular 3092 3491 0 284 253 259
259 regular 3080 3474 0 256 262
262 regular 3089 3455 0 259 265
265 regular 3088 3433 0 262 267 16
267 regular 3049 3423 0 22 271
271 regular 3044 3452 0 267 274
274 regular 3050 3470 0 271 276 288
276 regular 3051 3485 0 274 279
279 regular 3052 3509 0 276 281
281 regular 3062 3520 0 279 284
284 regular 3083 3515 0 281 256
288 regular 3035 3471 0 274 290 300
290 regular 3021 3475 0 288 292
292 regular 3007 3473 0 290 295
295 regular 3007 3487 0 292 297
297 regular 3016 3498 0 295
300 regular 3024 3463 0 288 302
302 regular 3016 3451 0 300
305 regular 3033 3361 0 56 307
307 regular 3044 3368 0 305 309
309 regular 3058 3370 0 307 310
310 object 3061 3374 0 309 312
312 object 3060 3377 0 310 314
314 object 3059 9777 0 315 312
315 regular 3052 9775 0 314 316
316 regular 3052 9775 0 315 317 320
317 regular 3048 9768 0 316 318
318 regular 3041 9769 0 317 319
319 regular 3040 9776 0 318 320
320 regular 3047 9779 0 319 316 321
321 regular 3048 9786 0 320 322
322 regular 3044 9792 0 321 323
323 regular 3042 9799 0 322 324
324 regular 3043 9806 0 323 325
325 regular 3043 9814 0 324 326
326 regular 3043 9822 0 325 327
327 regular 3040 9829 0 326 328
328 regular 3033 9832 0 327 329
329 regular 3026 9833 0 328 330 334
330 regular 3021 9828 0 329 331
331 regular 3026 9822 0 330 332
332 regular 3026 9814 0 331 333
333 regular 3026 9806 0 332
334 regular 3021 9836 0 329 335
335 regular 3021 9844 0 334 336
336 object 3019 9850 0 335
338 object 3019 3450 0 302
347 object 2935 3451 0 37 351
351 regular 2904 3454 0 347 353
353 regular 2889 3455 0 351 356 363
356 regular 2887 3473 0 353 359 782
359 regular 2899 3490 0 356 360 781
360 regular 2914 3507 0 359 361 781
361 regular 2904 3528 0 360 362
362 regular 2899 3546 0 361
363 regular 2890 3432 0 353 365 772
365 regular 2877 3429 0 363 367 383 770
367 regular 2873 3443 0 365 371
371 regular 2870 3472 0 367 374
374 regular 2871 3493 0 371 377
377 regular 2870 3507 0 374 380
380 regular 2864 3486 0 377
383 regular 2866 3439 0 365 386
386 regular 2863 3462 0 383 389
389 regular 2856 3482 0 386 393
393 regular 2854 3508 0 389 396
396 regular 2847 3497 0 393 398
398 regular 2850 3484 0 396 402
402 regular 2846 3456 0 398 405
405 regular 2855 3438 0 402 408
408 regular 2840 3433 0 405 411
411 regular 2819 3438 0 408 412
412 regular 2812 3436 0 411 413 414
413 regular 2809 3439 0 412
414 regular 2807 3434 0 412 416
416 regular 2792 3433 0 414 419 798
419 regular 2778 3448 0 416 422
422 regular 2765 3465 0 419 426
426 regular 2740 3479 0 422 427
427 regular 2734 3483 0 426 428 431
428 regular 2727 3485 0 427 429 482
429 regular 2726 3492 0 428
431 regular 2737 3494 0 427 434
434 regular 2741 3516 0 431 438
438 regular 2730 3540 0 434 443
443 regular 2692 3543 0 438 446
446 regular 2675 3554 0 443 450
450 regular 2655 3574 0 446 453
453 regular 2654 3597 0 450 456 729
456 regular 2662 3617 0 453 458
458 regular 2666 3631 0 456 461 722
461 regular 2689 3634 0 458 464 727
464 regular 2705 3649 0 461 468
468 regular 2708 3678 0 464 471
471 regular 2707 3701 0 468 474 478
474 regular 2706 3724 0 471 476
476 regular 2715 3721 0 474 477 478
477 regular 2722 3723 0 476
478 regular 2716 3713 0 476 471
482 regular 2704 3484 0 428 484
484 regular 2688 3484 0 482 487
487 regular 2676 3468 0 482 490
490 regular 2663 3450 0 487 492
492 regular 2653 3439 0 490 495
495 regular 2646 3419 0 492 498
498 regular 2645 3396 0 495 500 515 516
500 regular 2645 3380 0 498 503
503 regular 2636 3361 0 500 506
506 regular 2635 3338 0 503 508 730
508 regular 2621 3337 0 506 509 510
509 regular 2617 3332 0 508
510 regular 2614 3338 0 508 512 527
512 regular 2613 3353 0 510 515
515 regular 2607 3374 0 512 518 516 498
516 regular 2611 3392 0 516 498 521
518 regular 2588 3385 0 515 521
521 regular 2569 3395 0 518 525 516 757
525 regular 2544 3405 0 521 526 757
526 regular 2529 3400 0 525 733 734
527 regular 2608 3327 0 510 530
530 regular 2608 3311 0 527 533
533 regular 2595 3297 0 530 536 732
536 regular 2587 3276 0 530 538
538 regular 2580 3264 0 536 541
541 regular 2558 3260 0 538 544
544 regular 2541 3246 0 541 547
547 regular 2521 3235 0 544 551
551 regular 2495 3223 0 547 554 792
554 regular 2482 3205 0 551 557
557 regular 2479 3184 0 554 560
560 regular 2472 3165 0 557 563
563 regular 2459 3148 0 560 566
566 regular 2440 3138 0 563 570
570 regular 2445 3117 0 566 574
574 regular 2453 3090 0 570 575 578
575 regular 2445 3090 0 574 576
576 regular 2441 3084 0 575
578 regular 2455 3075 0 574 581 788
581 regular 2478 3077 0 578 586
586 regular 2507 3098 0 581 587 589
587 regular 2508 3105 0 586 588
588 regular 2506 3112 0 587
589 regular 2513 3099 0 586 593
593 object 2532 3092 0 589 595
595 object 2539 3092 0 593 596
596 regular 2547 3092 0 595 600
600 regular 2578 3091 0 596 604
604 regular 2606 3093 0 600 605 607
605 regular 2613 3092 0 604
607 regular 2613 3102 0 604 612 608
608 regular 2607 3116 0 607
612 regular 2627 3135 0 607 613
613 regular 2623 3159 0 612 614 615
614 regular 2642 3161 0 613
615 regular 2624 3189 0 613 616
616 regular 2630 3212 0 615
617 regular 2983 3303 0 62 619 67
619 regular 2967 3302 0 617 622 620
620 regular 2966 3288 0 619 622 67 635
622 regular 2944 3304 0 619 624 620 721
624 regular 2930 3298 0 622 629 773
626 regular 2924 3286 0 624 628
628 regular 2930 3274 0 626
629 object 2923 3292 0 624 626
631 regular 3020 3261 0 71 634 632 633
632 regular 3042 3250 631 634 71
633 regular 2999 3261 631 67
634 regular 3026 3241 0 633 637 632
635 regular 2979 3271 0 633 636 67 620 721
636 regular 2978 3253 0 633 635 720
637 regular 3027 3218 0 634 639 717
638 regular 2955 3241 0 636 718 719
639 object 3026 3215 0 637 640
640 object 2956 3144 1 641
641 regular 2956 3146 0 640 645
645 regular 2928 3148 0 641 650
650 regular 2895 3163 0 645 655
655 regular 2860 3165 0 650 656 692
656 object 2857 3169 0 655 658
658 object 2856 9569 0 656 659
659 regular 2852 9575 0 658 660 666
660 regular 2847 9581 0 659 661
661 regular 2840 9582 0 660 662
662 regular 2836 9576 0 661 663
663 regular 2836 9568 0 662 664
664 regular 2836 9560 0 663 665
665 regular 2840 9556 0 664
666 regular 2859 9572 0 659 667
667 object 2863 9573 0 666 669
669 object 2480 5176 0 667 670
670 regular 2480 5168 0 669 671 685 691
671 regular 2481 5161 0 670 672
672 regular 2488 5160 0 671 673
673 regular 2480 5154 0 672 674
674 regular 2474 5150 0 673 675
675 regular 2468 5146 0 674 676
676 regular 2461 5143 0 675 677 679
677 regular 2458 5136 0 676 678
678 regular 2458 5128 0 677
679 regular 2455 5142 0 676 680
680 regular 2447 5142 0 679 681 686
681 regular 2450 5149 0 680 682
682 regular 2455 5155 0 681 683 687
683 regular 2460 5160 0 682 684
684 regular 2466 5164 0 683 685
685 regular 2473 5167 0 684 670
686 regular 2441 5136 0 680
687 regular 2452 5163 0 682 688
688 regular 2446 5167 0 687 689
689 regular 2445 5174 0 688 690
690 regular 2445 5177 0 689
691 regular 2487 5169 0 670
692 regular 2856 3161 0 655 695
695 regular 2835 3155 0 692 699
699 regular 2817 3178 0 695 700
700 object 2816 3182 0 699 701
701 regular 2808 3182 0 700 703
703 regular 2795 3176 0 701 707
707 regular 2768 3186 0 703 708
708 regular 2757 3161 0 707 709 783
709 regular 2772 3142 0 708 783 784 785
712 regular 3033 3305 0 713
713 regular 3032 3308 0 712 714
714 object 3031 3313 0 713 715
715 regular 3025 3318 0 714 716
716 regular 3017 3318 0 715 62
717 regular 3002 3219 0 637 718 720 774
718 regular 2971 3223 0 717 638 719
719 regular 2933 3218 0 638 718
720 regular 2997 3237 0 717 636
721 regular 2950 3274 0 635 622
722 regular 2658 3660 0 458 723 726
723 regular 2672 3680 0 722 724
724 regular 2674 3703 0 723 725
725 regular 2683 3723 0 724
726 regular 2630 3683 0 722
727 regular 2733 3634 0 461 728
728 regular 2760 3633 0 727
729 regular 2614 3609 0 453
730 regular 2651 3319 0 506 731
731 regular 2671 3295 0 730 801 802
732 regular 2637 3299 0 730 802 533
733 regular 2499 3383 0 526 735 737
734 regular 2539 3361 0 526 735
735 regular 2499 3355 0 734 733 736
736 regular 2467 3362 0 735 737 738
737 object 2461 3383 0 736 733 738 793
738 regular 2418 3381 0 737 736 739
739 regular 2392 3405 0 738
740 regular 3185 3451 0 4 741
741 regular 3166 3480 0 740 742 743
742 regular 3183 3508 0 741
743 object 3141 3513 0 741 744
744 object 3138 3516 0 249
745 regular 3113 3306 0 85 746 747 754 93
746 regular 3136 3326 0 745 750
747 regular 3080 3319 0 745 748 752
748 regular 3071 3344 0 747
749 regular 3072 3385 0 748 19 751
750 regular 3135 3372 0 751 746
751 regular 3101 3396 0 750 16 749
752 regular 3060 3325 0 747 753
753 regular 3033 3325 0 752 62
754 regular 3109 3347 0 745
755 regular 3221 3322 0 194 756
756 regular 3205 3346 0 755 209
757 regular 2568 3424 0 521 525 758
758 regular 2557 3445 0 757 759 760
759 regular 2524 3432 0 758
760 regular 2550 3475 0 758 761
761 regular 2525 3507 0 760 762
762 regular 2526 3544 0 761 763
763 regular 2521 3587 0 762
764 object 2935 3355 0 41 765 766 767
765 regular 2911 3357 0 764
766 regular 2915 3375 0 764 769
767 object 2934 3320 0 764 768
768 object 2934 3319 0 768 622
769 regular 2898 3386 0 766 770 772
770 object 2884 3397 0 769 365 803
771 regular 2900 3400 0 766 
772 regular 2908 3418 0 769 363
773 regular 2922 3323 0 624
774 regular 3008 3199 0 717 775 776
775 object 3009 3150 0 774
776 regular 2998 3159 0 774 777
777 regular 2999 3145 0 776 778
778 regular 2997 3124 0 777
779 regular 2941 3498 0 39 780
780 regular 2941 3517 0 779
781 regular 2923 3483 0 359 360
782 regular 2876 3482 0 356
783 regular 2744 3153 0 708 709
784 regular 2768 3119 0 709 785 786
785 regular 2794 3124 0 784 709 786
786 regular 2786 3101 0 785 784 787
787 regular 2815 3083 0 786
788 regular 2444 3050 0 578 789
789 regular 2479 3020 0 788 790
790 regular 2494 2978 0 789 791
791 regular 2494 2942 0 790
792 regular 2502 3194 0 551
793 object 2461 3385 0 737 794
794 regular 2459 3415 0 793 795
795 regular 2467 3435 0 794 796
796 regular 2466 3470 0 795 797
797 object 2466 3491 0 796
798 regular 2751 3419 0 416 799
799 regular 2710 3389 0 798 800
800 regular 2701 3344 0 799 801
801 regular 2693 3309 0 800 731
802 regular 2654 3283 0 731 732
803 regular 2884 9797 0 770
804 regular 3136 3443 0 6 11 805
805 object 3115 3449 0 804 806
806 object 3115 3451 0 805 807
807 object 3115 3452 0 806 808
808 object 3115 9852 0 809 807
809 object 3145 9871 0 808 810
810 object 3146 9871 0 809 811
811 regular 3144 9914 0 810 812
812 object 3104 9909 0 811 813
813 object 3097 9868 0 812 814
814 object 3096 3468 0 813
815 regular 3750 2973 0 816
816 regular 3717 3003 0 815 817
817 regular 3681 3008 0 816 818
818 regular 3680 2982 0 817
